0 1 0 1
0.58
0.6
0.6033333333333334
0.5875
0.562
0.565
0.5785714285714286
0.59
0.5988888888888889
0.596
0.5954545454545455
0.5958333333333333
0.5969230769230769
0.5942857142857143
0.5906666666666667
0.586875
0.5823529411764706
0.5866666666666667
0.5831578947368421
0.581
0.5766666666666667
0.5813636363636364
0.581304347826087
0.5845833333333333
0.5844
0.5826923076923077
0.5837037037037037
0.5846428571428571
0.5837931034482758
0.5873333333333334
0.5903225806451613
0.5921875
0.5909090909090909
0.5920588235294117
0.5934285714285714
0.5922222222222222
0.5921621621621621
0.5910526315789474
0.5905128205128205
0.58925
0.5914634146341463
0.590952380952381
0.5920930232558139
0.5909090909090909
0.5913333333333334
0.592391304347826
0.5912765957446808
0.591875
0.5918367346938775
0.5944
0.5952941176470589
0.5969230769230769
0.5958490566037736
0.5948148148148148
0.594
0.5958928571428571
0.5952631578947368
0.5962068965517241
0.597457627118644
0.5973333333333334
0.5985245901639344
0.5998387096774194
0.6009523809523809
0.6
0.5992307692307692
0.6001515151515151
0.5974626865671642
0.5982352941176471
0.5991304347826087
0.598
0.5959154929577465
0.5952777777777778
0.5953424657534246
0.5955405405405405
0.5973333333333334
0.5968421052631578
0.5954545454545455
0.595
0.5937974683544304
0.593625
0.5939506172839506
0.5939024390243902
0.5932530120481928
0.593452380952381
0.5928235294117647
0.5937209302325581
0.594367816091954
0.5944318181818182
0.5949438202247191
0.5946666666666667
0.5945054945054945
0.5958695652173913
0.5955913978494624
0.5957446808510638
0.5950526315789474
0.5945833333333334
0.5947422680412371
0.5947959183673469
0.5960606060606061
0.5969
