0 0 0 1
0.61
0.635
0.61
0.61
0.622
0.63
0.6371428571428571
0.6275
0.62
0.62
0.6181818181818182
0.6241666666666666
0.6292307692307693
0.6328571428571429
0.628
0.634375
0.6364705882352941
0.6333333333333333
0.6242105263157894
0.618
0.6214285714285714
0.6222727272727273
0.6269565217391304
0.6266666666666667
0.6264
0.6242307692307693
0.6222222222222222
0.6175
0.6117241379310345
0.61
0.6141935483870967
0.6146875
0.6142424242424243
0.6135294117647059
0.614
0.6133333333333333
0.6116216216216216
0.6107894736842105
0.6069230769230769
0.6055
0.6041463414634146
0.6052380952380952
0.6055813953488373
0.6056818181818182
0.6042222222222222
0.6039130434782609
0.6040425531914894
0.6022916666666667
0.6018367346938776
0.6024
0.5998039215686275
0.5988461538461538
0.5994339622641509
0.5994444444444444
0.598909090909091
0.5978571428571429
0.5978947368421053
0.5974137931034482
0.5972881355932204
0.5966666666666667
0.5975409836065574
0.597741935483871
0.5966666666666667
0.5984375
0.5978461538461538
0.5978787878787879
0.598955223880597
0.5997058823529412
0.5998550724637681
0.5994285714285714
0.5991549295774647
0.5970833333333333
0.5968493150684931
0.5956756756756757
0.5949333333333333
0.5955263157894737
0.5967532467532467
0.5952564102564103
0.5968354430379746
0.596125
0.5985185185185186
0.598170731707317
0.5978313253012049
0.5976190476190476
0.5981176470588235
0.5990697674418605
0.5983908045977011
0.5997727272727272
0.6005617977528089
0.5994444444444444
0.6001098901098901
0.5998913043478261
0.6003225806451613
0.6006382978723405
0.602
0.6013541666666666
0.6008247422680413
0.5994897959183674
0.5997979797979798
0.6
