0 1 0 1
0.66
0.625
0.63
0.6025
0.616
0.5933333333333334
0.5942857142857143
0.5825
0.5822222222222222
0.59
0.5945454545454546
0.5991666666666666
0.6
0.5978571428571429
0.594
0.59375
0.5929411764705882
0.5944444444444444
0.5952631578947368
0.598
0.599047619047619
0.5977272727272728
0.5952173913043478
0.595
0.5932
0.5992307692307692
0.5948148148148148
0.5953571428571428
0.596551724137931
0.5943333333333334
0.5922580645161291
0.5928125
0.5915151515151515
0.5932352941176471
0.5957142857142858
0.5972222222222222
0.5956756756756757
0.5963157894736842
0.5956410256410256
0.592
0.5917073170731707
0.5904761904761905
0.5909302325581396
0.5906818181818182
0.5906666666666667
0.5891304347826087
0.588936170212766
0.589375
0.5895918367346938
0.589
0.5880392156862745
0.5876923076923077
0.5873584905660377
0.5862962962962963
0.5858181818181818
0.5860714285714286
0.5878947368421052
0.5898275862068966
0.5884745762711865
0.5893333333333334
0.5883606557377049
0.5869354838709677
0.5844444444444444
0.5853125
0.5858461538461538
0.5851515151515152
0.5832835820895522
0.5838235294117647
0.5837681159420289
0.5831428571428572
0.5835211267605633
0.5829166666666666
0.5816438356164384
0.5802702702702702
0.5812
0.5823684210526315
0.5816883116883117
0.5821794871794872
0.5837974683544304
0.584625
0.5837037037037037
0.5846341463414634
0.5836144578313253
0.583452380952381
0.5844705882352941
0.5827906976744186
0.5819540229885057
0.5798863636363636
0.5810112359550562
0.5803333333333334
0.5804395604395605
0.5805434782608696
0.5791397849462365
0.578936170212766
0.5794736842105264
0.5803125
0.5816494845360825
0.5826530612244898
0.5821212121212122
0.5833
