0 1 1 1
0.54
0.57
0.5966666666666667
0.585
0.586
0.61
0.6142857142857143
0.60875
0.6044444444444445
0.604
0.5990909090909091
0.5841666666666666
0.5807692307692308
0.575
0.576
0.580625
0.5782352941176471
0.5783333333333334
0.5768421052631579
0.5795
0.58
0.5781818181818181
0.577391304347826
0.5816666666666667
0.5832
0.583076923076923
0.5814814814814815
0.5792857142857143
0.5810344827586207
0.587
0.5867741935483871
0.5890625
0.5893939393939394
0.5905882352941176
0.5891428571428572
0.5858333333333333
0.5881081081081081
0.5894736842105263
0.59
0.58625
0.5873170731707317
0.5885714285714285
0.5876744186046512
0.5856818181818182
0.5875555555555556
0.5882608695652174
0.5868085106382979
0.5895833333333333
0.5879591836734694
0.5884
0.5884313725490196
0.5876923076923077
0.5866037735849057
0.5894444444444444
0.5907272727272728
0.5917857142857142
0.5896491228070175
0.5908620689655173
0.5901694915254238
0.5893333333333334
0.591639344262295
0.5919354838709677
0.5917460317460318
0.59328125
0.5935384615384616
0.5936363636363636
0.592089552238806
0.5914705882352941
0.5927536231884057
0.5934285714285714
0.5943661971830986
0.5943055555555555
0.5943835616438357
0.5932432432432433
0.5934666666666667
0.5923684210526315
0.5927272727272728
0.5921794871794872
0.5922784810126582
0.5915
0.591604938271605
0.5907317073170731
0.5906024096385543
0.5901190476190477
0.5905882352941176
0.59
0.5889655172413794
0.5884090909090909
0.5876404494382023
0.5881111111111111
0.5897802197802198
0.5906521739130435
0.5918279569892473
0.5923404255319149
0.592
0.5913541666666666
0.5930927835051546
0.5921428571428572
0.5926262626262626
0.5927
