0 0 0 0
0.53
0.58
0.5733333333333334
0.5725
0.56
0.575
0.5771428571428572
0.5925
0.6066666666666667
0.612
0.6145454545454545
0.6141666666666666
0.61
0.6021428571428571
0.6046666666666667
0.601875
0.5964705882352941
0.5916666666666667
0.5915789473684211
0.588
0.5928571428571429
0.5922727272727273
0.5969565217391304
0.5958333333333333
0.5888
0.59
0.5907407407407408
0.5896428571428571
0.5920689655172414
0.592
0.5941935483870968
0.595625
0.5936363636363636
0.5961764705882353
0.5954285714285714
0.5958333333333333
0.595945945945946
0.5971052631578947
0.5984615384615385
0.59975
0.6
0.6014285714285714
0.5990697674418605
0.5990909090909091
0.5977777777777777
0.5982608695652174
0.6002127659574468
0.600625
0.6014285714285714
0.6032
0.6029411764705882
0.6028846153846154
0.6033962264150944
0.6027777777777777
0.6016363636363636
0.6014285714285714
0.6012280701754386
0.6022413793103448
0.6003389830508474
0.6033333333333334
0.6040983606557377
0.602741935483871
0.6033333333333334
0.600625
0.6006153846153847
0.5990909090909091
0.6004477611940299
0.6004411764705883
0.6008695652173913
0.599
0.599718309859155
0.5977777777777777
0.5983561643835617
0.5971621621621621
0.5973333333333334
0.5965789473684211
0.5957142857142858
0.5943589743589743
0.5943037974683544
0.594625
0.594320987654321
0.5945121951219512
0.5949397590361446
0.5939285714285715
0.5941176470588235
0.5934883720930233
0.5918390804597701
0.5905681818181818
0.5907865168539326
0.5898888888888889
0.5887912087912088
0.5891304347826087
0.5890322580645161
0.5904255319148937
0.5911578947368421
0.5907291666666666
0.5918556701030928
0.593265306122449
0.5942424242424242
0.5955
